0 0 2266
0 1 2337
0 2 2409
0 3 2481
0 4 2553
0 5 2624
0 6 2684
0 7 2693
0 8 2696
0 9 2694
0 10 2688
1 0 2261
1 1 2323
1 2 2404
1 3 2470
1 4 2540
1 5 2610
1 6 2677
1 7 2686
1 8 2682
1 9 2691
1 10 2687
2 0 2254
2 1 2330
2 2 2406
2 3 2474
2 4 2543
2 5 2613
2 6 2674
2 7 2692
2 8 2682
2 9 2686
2 10 2676
3 0 2253
3 1 2336
3 2 2408
3 3 2486
3 4 2551
3 5 2621
3 6 2679
3 7 2690
3 8 2695
3 9 2693
3 10 2687
4 0 2267
4 1 2337
4 2 2407
4 3 2484
4 4 2557
4 5 2627
4 6 2690
4 7 2695
4 8 2702
4 9 2692
4 10 2694
5 0 2272
5 1 2346
5 2 2414
5 3 2489
5 4 2555
5 5 2625
5 6 2693
5 7 2701
5 8 2706
5 9 2694
5 10 2697
6 0 2263
6 1 2342
6 2 2410
6 3 2482
6 4 2560
6 5 2629
6 6 2694
6 7 2700
6 8 2702
6 9 2702
6 10 2695
7 0 2264
7 1 2341
7 2 2404
7 3 2479
7 4 2562
7 5 2623
7 6 2686
7 7 2695
7 8 2704
7 9 2700
7 10 2695
8 0 2265
8 1 2333
8 2 2406
8 3 2476
8 4 2551
8 5 2627
8 6 2685
8 7 2697
8 8 2702
8 9 2689
8 10 2687
9 0 2261
9 1 2334
9 2 2414
9 3 2478
9 4 2552
9 5 2619
9 6 2676
9 7 2696
9 8 2697
9 9 2684
9 10 2689
10 0 2260
10 1 2335
10 2 2413
10 3 2480
10 4 2556
10 5 2618
10 6 2684
10 7 2691
10 8 2702
10 9 2688
10 10 2695
angle: 5 Angle Start -3.5 angle End 0.5 AngleStep 0.2
shift: 8 Shift Start 0.3 Shift End 0.5  Shift Step 0.01
end of round: 0
Size of point clouds 1935 6779Number of steps taken21,21
0 0 2679
0 1 2698
0 2 2696
0 3 2687
0 4 2700
0 5 2690
0 6 2696
0 7 2695
0 8 2691
0 9 2692
0 10 2695
0 11 2686
0 12 2695
0 13 2695
0 14 2693
0 15 2693
0 16 2681
0 17 2691
0 18 2691
0 19 2689
0 20 2687
1 0 2680
1 1 2701
1 2 2698
1 3 2691
1 4 2700
1 5 2690
1 6 2703
1 7 2697
1 8 2693
1 9 2695
1 10 2693
1 11 2687
1 12 2694
1 13 2694
1 14 2694
1 15 2693
1 16 2688
1 17 2696
1 18 2694
1 19 2692
1 20 2685
2 0 2684
2 1 2699
2 2 2698
2 3 2694
2 4 2699
2 5 2691
2 6 2702
2 7 2700
2 8 2701
2 9 2695
2 10 2694
2 11 2693
2 12 2697
2 13 2697
2 14 2696
2 15 2693
2 16 2688
2 17 2696
2 18 2693
2 19 2695
2 20 2689
3 0 2685
3 1 2699
3 2 2700
3 3 2695
3 4 2703
3 5 2692
3 6 2701
3 7 2699
3 8 2703
3 9 2694
3 10 2694
3 11 2695
3 12 2703
3 13 2694
3 14 2697
3 15 2692
3 16 2690
3 17 2696
3 18 2695
3 19 2694
3 20 2692
4 0 2687
4 1 2699
4 2 2705
4 3 2694
4 4 2704
4 5 2696
4 6 2703
4 7 2697
4 8 2703
4 9 2691
4 10 2700
4 11 2693
4 12 2701
4 13 2690
4 14 2699
4 15 2690
4 16 2692
4 17 2697
4 18 2697
4 19 2693
4 20 2693
5 0 2690
5 1 2699
5 2 2704
5 3 2696
5 4 2703
5 5 2695
5 6 2702
5 7 2699
5 8 2704
5 9 2691
5 10 2702
5 11 2697
5 12 2702
5 13 2691
5 14 2699
5 15 2692
5 16 2694
5 17 2696
5 18 2696
5 19 2694
5 20 2694
6 0 2693
6 1 2703
6 2 2704
6 3 2696
6 4 2704
6 5 2693
6 6 2701
6 7 2697
6 8 2707
6 9 2689
6 10 2703
6 11 2698
6 12 2701
6 13 2690
6 14 2697
6 15 2691
6 16 2695
6 17 2698
6 18 2696
6 19 2695
6 20 2694
7 0 2694
7 1 2702
7 2 2707
7 3 2698
7 4 2707
7 5 2693
7 6 2700
7 7 2693
7 8 2704
7 9 2694
7 10 2700
7 11 2697
7 12 2701
7 13 2691
7 14 2706
7 15 2690
7 16 2700
7 17 2699
7 18 2701
7 19 2695
7 20 2698
8 0 2691
8 1 2699
8 2 2708
8 3 2700
8 4 2708
8 5 2697
8 6 2703
8 7 2687
8 8 2699
8 9 2696
8 10 2706
8 11 2698
8 12 2702
8 13 2694
8 14 2705
8 15 2690
8 16 2700
8 17 2698
8 18 2701
8 19 2698
8 20 2695
9 0 2694
9 1 2696
9 2 2704
9 3 2701
9 4 2712
9 5 2699
9 6 2700
9 7 2693
9 8 2698
9 9 2697
9 10 2706
9 11 2695
9 12 2702
9 13 2696
9 14 2703
9 15 2690
9 16 2698
9 17 2701
9 18 2703
9 19 2697
9 20 2695
10 0 2693
10 1 2694
10 2 2702
10 3 2704
10 4 2711
10 5 2701
10 6 2699
10 7 2695
10 8 2698
10 9 2697
10 10 2706
10 11 2691
10 12 2703
10 13 2698
10 14 2704
10 15 2694
10 16 2697
10 17 2701
10 18 2702
10 19 2697
10 20 2697
11 0 2694
11 1 2696
11 2 2701
11 3 2698
11 4 2710
11 5 2702
11 6 2703
11 7 2696
11 8 2697
11 9 2700
11 10 2703
11 11 2699
11 12 2704
11 13 2698
11 14 2703
11 15 2700
11 16 2697
11 17 2698
11 18 2704
11 19 2695
11 20 2701
12 0 2689
12 1 2693
12 2 2698
12 3 2700
12 4 2711
12 5 2701
12 6 2699
12 7 2699
12 8 2700
12 9 2703
12 10 2708
12 11 2703
12 12 2706
12 13 2701
12 14 2702
12 15 2703
12 16 2700
12 17 2700
12 18 2701
12 19 2699
12 20 2702
13 0 2689
13 1 2699
13 2 2701
13 3 2698
13 4 2709
13 5 2700
13 6 2701
13 7 2700
13 8 2702
13 9 2703
13 10 2705
13 11 2702
13 12 2704
13 13 2701
13 14 2705
13 15 2706
13 16 2698
13 17 2703
13 18 2694
13 19 2699
13 20 2700
14 0 2692
14 1 2697
14 2 2702
14 3 2699
14 4 2709
14 5 2699
14 6 2706
14 7 2699
14 8 2703
14 9 2703
14 10 2702
14 11 2701
14 12 2711
14 13 2703
14 14 2701
14 15 2706
14 16 2699
14 17 2703
14 18 2698
14 19 2701
14 20 2697
15 0 2694
15 1 2698
15 2 2701
15 3 2696
15 4 2706
15 5 2700
15 6 2706
15 7 2697
15 8 2706
15 9 2703
15 10 2702
15 11 2702
15 12 2710
15 13 2701
15 14 2701
15 15 2702
15 16 2699
15 17 2702
15 18 2695
15 19 2704
15 20 2695
16 0 2692
16 1 2698
16 2 2698
16 3 2702
16 4 2703
16 5 2700
16 6 2709
16 7 2693
16 8 2702
16 9 2701
16 10 2706
16 11 2701
16 12 2707
16 13 2700
16 14 2695
16 15 2704
16 16 2696
16 17 2702
16 18 2695
16 19 2704
16 20 2694
17 0 2693
17 1 2698
17 2 2699
17 3 2704
17 4 2702
17 5 2699
17 6 2705
17 7 2696
17 8 2695
17 9 2700
17 10 2703
17 11 2700
17 12 2708
17 13 2701
17 14 2697
17 15 2706
17 16 2698
17 17 2703
17 18 2690
17 19 2704
17 20 2690
18 0 2690
18 1 2697
18 2 2695
18 3 2701
18 4 2700
18 5 2699
18 6 2704
18 7 2690
18 8 2697
18 9 2699
18 10 2703
18 11 2701
18 12 2707
18 13 2700
18 14 2698
18 15 2704
18 16 2698
18 17 2701
18 18 2680
18 19 2700
18 20 2692
19 0 2685
19 1 2695
19 2 2693
19 3 2698
19 4 2705
19 5 2694
19 6 2700
19 7 2691
19 8 2694
19 9 2701
19 10 2702
19 11 2703
19 12 2704
19 13 2696
19 14 2696
19 15 2700
19 16 2699
19 17 2698
19 18 2683
19 19 2703
19 20 2694
20 0 2686
20 1 2696
20 2 2692
20 3 2698
20 4 2704
20 5 2695
20 6 2702
20 7 2691
20 8 2696
20 9 2699
20 10 2704
20 11 2700
20 12 2704
20 13 2695
20 14 2698
20 15 2700
20 16 2699
20 17 2698
20 18 2686
20 19 2706
20 20 2695
angle: 14 Angle Start -1.1 angle End -0.3 AngleStep 0.04
shift: 4 Shift Start 0.32 Shift End 0.36  Shift Step 0.002
end of round: 1
Size of point clouds 1935 6779Number of steps taken21,21
0 0 2698
0 1 2699
0 2 2703
0 3 2702
0 4 2697
0 5 2700
0 6 2705
0 7 2700
0 8 2709
0 9 2710
0 10 2711
0 11 2707
0 12 2700
0 13 2696
0 14 2701
0 15 2701
0 16 2696
0 17 2701
0 18 2697
0 19 2703
0 20 2699
1 0 2697
1 1 2698
1 2 2703
1 3 2702
1 4 2697
1 5 2701
1 6 2706
1 7 2701
1 8 2708
1 9 2709
1 10 2709
1 11 2707
1 12 2702
1 13 2698
1 14 2701
1 15 2699
1 16 2697
1 17 2702
1 18 2697
1 19 2700
1 20 2700
2 0 2699
2 1 2698
2 2 2705
2 3 2702
2 4 2695
2 5 2701
2 6 2708
2 7 2700
2 8 2710
2 9 2710
2 10 2706
2 11 2708
2 12 2704
2 13 2699
2 14 2700
2 15 2699
2 16 2697
2 17 2702
2 18 2697
2 19 2700
2 20 2701
3 0 2700
3 1 2698
3 2 2705
3 3 2702
3 4 2696
3 5 2701
3 6 2708
3 7 2699
3 8 2711
3 9 2708
3 10 2707
3 11 2707
3 12 2702
3 13 2700
3 14 2700
3 15 2700
3 16 2700
3 17 2702
3 18 2697
3 19 2702
3 20 2701
4 0 2699
4 1 2698
4 2 2703
4 3 2701
4 4 2696
4 5 2700
4 6 2705
4 7 2701
4 8 2710
4 9 2707
4 10 2707
4 11 2707
4 12 2703
4 13 2700
4 14 2702
4 15 2701
4 16 2701
4 17 2702
4 18 2699
4 19 2703
4 20 2701
5 0 2701
5 1 2696
5 2 2702
5 3 2701
5 4 2695
5 5 2698
5 6 2706
5 7 2701
5 8 2710
5 9 2708
5 10 2709
5 11 2707
5 12 2702
5 13 2700
5 14 2703
5 15 2700
5 16 2700
5 17 2701
5 18 2701
5 19 2705
5 20 2701
6 0 2702
6 1 2698
6 2 2702
6 3 2701
6 4 2697
6 5 2698
6 6 2706
6 7 2701
6 8 2711
6 9 2710
6 10 2712
6 11 2707
6 12 2702
6 13 2699
6 14 2701
6 15 2699
6 16 2700
6 17 2703
6 18 2703
6 19 2706
6 20 2703
7 0 2702
7 1 2699
7 2 2702
7 3 2699
7 4 2697
7 5 2700
7 6 2706
7 7 2701
7 8 2710
7 9 2710
7 10 2712
7 11 2709
7 12 2703
7 13 2701
7 14 2700
7 15 2699
7 16 2700
7 17 2702
7 18 2704
7 19 2708
7 20 2704
8 0 2700
8 1 2699
8 2 2702
8 3 2700
8 4 2697
8 5 2700
8 6 2705
8 7 2703
8 8 2711
8 9 2710
8 10 2711
8 11 2710
8 12 2703
8 13 2702
8 14 2702
8 15 2698
8 16 2700
8 17 2704
8 18 2703
8 19 2709
8 20 2704
9 0 2700
9 1 2697
9 2 2701
9 3 2697
9 4 2696
9 5 2699
9 6 2706
9 7 2704
9 8 2712
9 9 2709
9 10 2709
9 11 2706
9 12 2701
9 13 2701
9 14 2701
9 15 2699
9 16 2699
9 17 2703
9 18 2704
9 19 2707
9 20 2705
10 0 2702
10 1 2698
10 2 2702
10 3 2698
10 4 2696
10 5 2699
10 6 2706
10 7 2704
10 8 2711
10 9 2709
10 10 2709
10 11 2704
10 12 2700
10 13 2699
10 14 2703
10 15 2699
10 16 2698
10 17 2705
10 18 2704
10 19 2706
10 20 2706
11 0 2701
11 1 2698
11 2 2702
11 3 2698
11 4 2695
11 5 2698
11 6 2705
11 7 2705
11 8 2710
11 9 2710
11 10 2709
11 11 2702
11 12 2700
11 13 2698
11 14 2702
11 15 2699
11 16 2700
11 17 2706
11 18 2704
11 19 2707
11 20 2704
12 0 2699
12 1 2698
12 2 2700
12 3 2696
12 4 2694
12 5 2699
12 6 2707
12 7 2703
12 8 2711
12 9 2710
12 10 2709
12 11 2700
12 12 2698
12 13 2698
12 14 2701
12 15 2698
12 16 2705
12 17 2705
12 18 2704
12 19 2706
12 20 2705
13 0 2699
13 1 2697
13 2 2699
13 3 2694
13 4 2693
13 5 2698
13 6 2705
13 7 2704
13 8 2711
13 9 2710
13 10 2707
13 11 2699
13 12 2698
13 13 2699
13 14 2700
13 15 2698
13 16 2707
13 17 2704
13 18 2702
13 19 2706
13 20 2705
14 0 2701
14 1 2698
14 2 2699
14 3 2693
14 4 2693
14 5 2696
14 6 2704
14 7 2703
14 8 2711
14 9 2709
14 10 2707
14 11 2698
14 12 2696
14 13 2697
14 14 2698
14 15 2700
14 16 2707
14 17 2704
14 18 2702
14 19 2705
14 20 2705
15 0 2701
15 1 2697
15 2 2698
15 3 2693
15 4 2693
15 5 2696
15 6 2705
15 7 2704
15 8 2709
15 9 2708
15 10 2706
15 11 2697
15 12 2695
15 13 2695
15 14 2697
15 15 2700
15 16 2708
15 17 2707
15 18 2701
15 19 2705
15 20 2706
16 0 2699
16 1 2698
16 2 2697
16 3 2693
16 4 2694
16 5 2696
16 6 2708
16 7 2704
16 8 2710
16 9 2708
16 10 2704
16 11 2697
16 12 2695
16 13 2693
16 14 2697
16 15 2700
16 16 2705
16 17 2707
16 18 2701
16 19 2705
16 20 2706
17 0 2700
17 1 2698
17 2 2696
17 3 2692
17 4 2694
17 5 2695
17 6 2706
17 7 2704
17 8 2710
17 9 2709
17 10 2703
17 11 2697
17 12 2697
17 13 2693
17 14 2698
17 15 2701
17 16 2705
17 17 2707
17 18 2701
17 19 2705
17 20 2706
18 0 2700
18 1 2699
18 2 2695
18 3 2693
18 4 2695
18 5 2696
18 6 2708
18 7 2702
18 8 2710
18 9 2709
18 10 2703
18 11 2699
18 12 2696
18 13 2691
18 14 2697
18 15 2699
18 16 2706
18 17 2706
18 18 2700
18 19 2704
18 20 2707
19 0 2699
19 1 2701
19 2 2696
19 3 2693
19 4 2696
19 5 2698
19 6 2707
19 7 2702
19 8 2709
19 9 2710
19 10 2703
19 11 2699
19 12 2695
19 13 2691
19 14 2696
19 15 2699
19 16 2705
19 17 2706
19 18 2701
19 19 2703
19 20 2707
20 0 2698
20 1 2698
20 2 2695
20 3 2695
20 4 2698
20 5 2702
20 6 2707
20 7 2702
20 8 2711
20 9 2712
20 10 2703
20 11 2699
20 12 2695
20 13 2692
20 14 2696
20 15 2700
20 16 2704
20 17 2706
20 18 2701
20 19 2702
20 20 2709
angle: 8 Angle Start -0.86 angle End -0.7 AngleStep 0.008
shift: 8 Shift Start 0.332 Shift End 0.34  Shift Step 0.0004
end of round: 2
Size of point clouds 1935 6779Number of steps taken21,21
0 0 2706
0 1 2704
0 2 2700
0 3 2702
0 4 2702
0 5 2701
0 6 2703
0 7 2705
0 8 2706
0 9 2709
0 10 2711
0 11 2711
0 12 2710
0 13 2710
0 14 2713
0 15 2710
0 16 2709
0 17 2706
0 18 2705
0 19 2707
0 20 2712
1 0 2706
1 1 2704
1 2 2699
1 3 2702
1 4 2702
1 5 2701
1 6 2703
1 7 2705
1 8 2706
1 9 2709
1 10 2711
1 11 2711
1 12 2710
1 13 2709
1 14 2714
1 15 2710
1 16 2709
1 17 2706
1 18 2705
1 19 2707
1 20 2712
2 0 2706
2 1 2704
2 2 2699
2 3 2702
2 4 2702
2 5 2700
2 6 2703
2 7 2705
2 8 2706
2 9 2710
2 10 2711
2 11 2711
2 12 2710
2 13 2709
2 14 2714
2 15 2710
2 16 2709
2 17 2707
2 18 2704
2 19 2708
2 20 2712
3 0 2706
3 1 2703
3 2 2701
3 3 2702
3 4 2702
3 5 2700
3 6 2703
3 7 2705
3 8 2706
3 9 2710
3 10 2710
3 11 2711
3 12 2710
3 13 2709
3 14 2714
3 15 2710
3 16 2709
3 17 2707
3 18 2704
3 19 2710
3 20 2712
4 0 2706
4 1 2703
4 2 2701
4 3 2702
4 4 2702
4 5 2701
4 6 2704
4 7 2706
4 8 2707
4 9 2710
4 10 2710
4 11 2711
4 12 2710
4 13 2710
4 14 2714
4 15 2710
4 16 2709
4 17 2706
4 18 2704
4 19 2710
4 20 2712
5 0 2706
5 1 2703
5 2 2702
5 3 2703
5 4 2702
5 5 2701
5 6 2704
5 7 2706
5 8 2709
5 9 2710
5 10 2710
5 11 2711
5 12 2710
5 13 2711
5 14 2714
5 15 2710
5 16 2709
5 17 2706
5 18 2704
5 19 2710
5 20 2712
6 0 2706
6 1 2703
6 2 2702
6 3 2701
6 4 2703
6 5 2702
6 6 2704
6 7 2706
6 8 2709
6 9 2710
6 10 2710
6 11 2711
6 12 2710
6 13 2711
6 14 2714
6 15 2711
6 16 2709
6 17 2706
6 18 2704
6 19 2710
6 20 2711
7 0 2706
7 1 2703
7 2 2703
7 3 2701
7 4 2703
7 5 2703
7 6 2704
7 7 2706
7 8 2709
7 9 2710
7 10 2711
7 11 2711
7 12 2711
7 13 2711
7 14 2713
7 15 2711
7 16 2709
7 17 2706
7 18 2705
7 19 2708
7 20 2711
8 0 2705
8 1 2703
8 2 2703
8 3 2702
8 4 2703
8 5 2703
8 6 2704
8 7 2707
8 8 2709
8 9 2710
8 10 2711
8 11 2712
8 12 2711
8 13 2711
8 14 2713
8 15 2710
8 16 2708
8 17 2706
8 18 2705
8 19 2708
8 20 2710
9 0 2705
9 1 2704
9 2 2703
9 3 2702
9 4 2703
9 5 2703
9 6 2704
9 7 2707
9 8 2709
9 9 2710
9 10 2711
9 11 2713
9 12 2711
9 13 2711
9 14 2712
9 15 2710
9 16 2708
9 17 2706
9 18 2707
9 19 2708
9 20 2711
10 0 2705
10 1 2704
10 2 2703
10 3 2703
10 4 2703
10 5 2703
10 6 2704
10 7 2707
10 8 2709
10 9 2710
10 10 2711
10 11 2713
10 12 2711
10 13 2711
10 14 2712
10 15 2710
10 16 2708
10 17 2707
10 18 2708
10 19 2708
10 20 2711
11 0 2705
11 1 2704
11 2 2703
11 3 2703
11 4 2703
11 5 2703
11 6 2704
11 7 2707
11 8 2709
11 9 2710
11 10 2711
11 11 2714
11 12 2712
11 13 2712
11 14 2711
11 15 2710
11 16 2708
11 17 2707
11 18 2708
11 19 2709
11 20 2710
12 0 2706
12 1 2704
12 2 2703
12 3 2703
12 4 2701
12 5 2703
12 6 2706
12 7 2707
12 8 2709
12 9 2710
12 10 2711
12 11 2714
12 12 2712
12 13 2712
12 14 2711
12 15 2709
12 16 2706
12 17 2707
12 18 2708
12 19 2709
12 20 2710
13 0 2706
13 1 2704
13 2 2703
13 3 2703
13 4 2701
13 5 2703
13 6 2705
13 7 2706
13 8 2709
13 9 2710
13 10 2711
13 11 2714
13 12 2712
13 13 2713
13 14 2711
13 15 2709
13 16 2706
13 17 2707
13 18 2709
13 19 2709
13 20 2709
14 0 2706
14 1 2705
14 2 2704
14 3 2703
14 4 2703
14 5 2703
14 6 2705
14 7 2706
14 8 2709
14 9 2710
14 10 2711
14 11 2714
14 12 2712
14 13 2713
14 14 2711
14 15 2709
14 16 2706
14 17 2708
14 18 2709
14 19 2709
14 20 2709
15 0 2706
15 1 2705
15 2 2704
15 3 2703
15 4 2703
15 5 2704
15 6 2705
15 7 2706
15 8 2709
15 9 2710
15 10 2712
15 11 2714
15 12 2712
15 13 2713
15 14 2711
15 15 2709
15 16 2706
15 17 2708
15 18 2709
15 19 2709
15 20 2709
16 0 2706
16 1 2706
16 2 2704
16 3 2703
16 4 2703
16 5 2703
16 6 2705
16 7 2706
16 8 2709
16 9 2710
16 10 2712
16 11 2714
16 12 2712
16 13 2713
16 14 2713
16 15 2709
16 16 2706
16 17 2709
16 18 2709
16 19 2709
16 20 2709
17 0 2706
17 1 2706
17 2 2704
17 3 2703
17 4 2703
17 5 2704
17 6 2705
17 7 2706
17 8 2709
17 9 2710
17 10 2712
17 11 2714
17 12 2712
17 13 2713
17 14 2713
17 15 2709
17 16 2705
17 17 2709
17 18 2709
17 19 2710
17 20 2709
18 0 2706
18 1 2706
18 2 2704
18 3 2703
18 4 2703
18 5 2704
18 6 2705
18 7 2707
18 8 2708
18 9 2710
18 10 2712
18 11 2714
18 12 2713
18 13 2713
18 14 2713
18 15 2708
18 16 2705
18 17 2708
18 18 2709
18 19 2710
18 20 2709
19 0 2706
19 1 2707
19 2 2704
19 3 2703
19 4 2703
19 5 2704
19 6 2705
19 7 2707
19 8 2708
19 9 2711
19 10 2711
19 11 2714
19 12 2713
19 13 2713
19 14 2713
19 15 2708
19 16 2705
19 17 2709
19 18 2709
19 19 2709
19 20 2709
20 0 2706
20 1 2707
20 2 2704
20 3 2703
20 4 2704
20 5 2704
20 6 2705
20 7 2707
20 8 2708
20 9 2711
20 10 2711
20 11 2714
20 12 2713
20 13 2713
20 14 2713
20 15 2709
20 16 2706
20 17 2709
20 18 2709
20 19 2709
20 20 2709
