0 0 2266
0 1 2337
0 2 2409
0 3 2481
0 4 2553
0 5 2624
0 6 2684
0 7 2693
0 8 2696
0 9 2694
0 10 2688
1 0 2261
1 1 2323
1 2 2404
1 3 2470
1 4 2540
1 5 2610
1 6 2677
1 7 2686
1 8 2682
1 9 2691
1 10 2687
2 0 2254
2 1 2330
2 2 2406
2 3 2474
2 4 2543
2 5 2613
2 6 2674
2 7 2692
2 8 2682
2 9 2686
2 10 2676
3 0 2253
3 1 2336
3 2 2408
3 3 2486
3 4 2551
3 5 2621
3 6 2679
3 7 2690
3 8 2695
3 9 2693
3 10 2687
4 0 2267
4 1 2337
4 2 2407
4 3 2484
4 4 2557
4 5 2627
4 6 2690
4 7 2695
4 8 2702
4 9 2692
4 10 2694
5 0 2272
5 1 2346
5 2 2414
5 3 2489
5 4 2555
5 5 2625
5 6 2693
5 7 2701
5 8 2706
5 9 2694
5 10 2697
6 0 2263
6 1 2342
6 2 2410
6 3 2482
6 4 2560
6 5 2629
6 6 2694
6 7 2700
6 8 2702
6 9 2702
6 10 2695
7 0 2264
7 1 2341
7 2 2404
7 3 2479
7 4 2562
7 5 2623
7 6 2686
7 7 2695
7 8 2704
7 9 2700
7 10 2695
8 0 2265
8 1 2333
8 2 2406
8 3 2476
8 4 2551
8 5 2627
8 6 2685
8 7 2697
8 8 2702
8 9 2689
8 10 2687
9 0 2261
9 1 2334
9 2 2414
9 3 2478
9 4 2552
9 5 2619
9 6 2676
9 7 2696
9 8 2697
9 9 2684
9 10 2689
10 0 2260
10 1 2335
10 2 2413
10 3 2480
10 4 2556
10 5 2618
10 6 2684
10 7 2691
10 8 2702
10 9 2688
10 10 2695
angle: 5 Angle Start -3.5 angle End 0.5 AngleStep 0.2
shift: 8 Shift Start 0.3 Shift End 0.5  Shift Step 0.01
Running Program part 3, code:0


Change Buffer
Read Buffer part 1, code:0
0 0 2679
0 1 2698
0 2 2696
0 3 2687
0 4 2700
0 5 2690
0 6 2696
0 7 2695
0 8 2691
0 9 2692
0 10 2695
0 11 2686
0 12 2695
0 13 2695
0 14 2693
0 15 2693
0 16 2681
0 17 2691
0 18 2691
0 19 2689
0 20 2687
1 0 2680
1 1 2701
1 2 2698
1 3 2691
1 4 2700
1 5 2690
1 6 2703
1 7 2697
1 8 2693
1 9 2695
1 10 2693
1 11 2687
1 12 2694
1 13 2694
1 14 2694
1 15 2693
1 16 2688
1 17 2696
1 18 2694
1 19 2692
1 20 2685
2 0 2684
2 1 2699
2 2 2698
2 3 2694
2 4 2699
2 5 2691
2 6 2702
2 7 2700
2 8 2701
2 9 2695
2 10 2694
2 11 2693
2 12 2697
2 13 2697
2 14 2696
2 15 2693
2 16 2688
2 17 2696
2 18 2693
2 19 2695
2 20 2689
3 0 2685
3 1 2699
3 2 2700
3 3 2695
3 4 2703
3 5 2692
3 6 2701
3 7 2699
3 8 2703
3 9 2694
3 10 2694
3 11 2695
3 12 2703
3 13 2694
3 14 2697
3 15 2692
3 16 2690
3 17 2696
3 18 2695
3 19 2694
3 20 2692
4 0 2687
4 1 2699
4 2 2705
4 3 2694
4 4 2704
4 5 2696
4 6 2703
4 7 2697
4 8 2703
4 9 2691
4 10 2700
4 11 2693
4 12 2701
4 13 2690
4 14 2699
4 15 2690
4 16 2692
4 17 2697
4 18 2697
4 19 2693
4 20 2693
5 0 2690
5 1 2699
5 2 2704
5 3 2696
5 4 2703
5 5 2695
5 6 2702
5 7 2699
5 8 2704
5 9 2691
5 10 2702
5 11 2697
5 12 2702
5 13 2691
5 14 2699
5 15 2692
5 16 2694
5 17 2696
5 18 2696
5 19 2694
5 20 2694
6 0 2693
6 1 2703
6 2 2704
6 3 2696
6 4 2704
6 5 2693
6 6 2701
6 7 2697
6 8 2707
6 9 2689
6 10 2703
6 11 2698
6 12 2701
6 13 2690
6 14 2697
6 15 2691
6 16 2695
6 17 2698
6 18 2696
6 19 2695
6 20 2694
7 0 2694
7 1 2702
7 2 2707
7 3 2698
7 4 2707
7 5 2693
7 6 2700
7 7 2693
7 8 2704
7 9 2694
7 10 2700
7 11 2697
7 12 2701
7 13 2691
7 14 2706
7 15 2690
7 16 2700
7 17 2699
7 18 2701
7 19 2695
7 20 2698
8 0 2691
8 1 2699
8 2 2708
8 3 2700
8 4 2708
8 5 2697
8 6 2703
8 7 2687
8 8 2699
8 9 2696
8 10 2706
8 11 2698
8 12 2702
8 13 2694
8 14 2705
8 15 2690
8 16 2700
8 17 2698
8 18 2701
8 19 2698
8 20 2695
9 0 2694
9 1 2696
9 2 2704
9 3 2701
9 4 2712
9 5 2699
9 6 2700
9 7 2693
9 8 2698
9 9 2697
9 10 2706
9 11 2695
9 12 2702
9 13 2696
9 14 2703
9 15 2690
9 16 2698
9 17 2701
9 18 2703
9 19 2697
9 20 2695
10 0 2693
10 1 2694
10 2 2702
10 3 2704
10 4 2711
10 5 2701
10 6 2699
10 7 2695
10 8 2698
10 9 2697
10 10 2706
10 11 2691
10 12 2703
10 13 2698
10 14 2704
10 15 2694
10 16 2697
10 17 2701
10 18 2702
10 19 2697
10 20 2697
11 0 2694
11 1 2696
11 2 2701
11 3 2698
11 4 2710
11 5 2702
11 6 2703
11 7 2696
11 8 2697
11 9 2700
11 10 2703
11 11 2699
11 12 2704
11 13 2698
11 14 2703
11 15 2700
11 16 2697
11 17 2698
11 18 2704
11 19 2695
11 20 2701
12 0 2689
12 1 2693
12 2 2698
12 3 2700
12 4 2711
12 5 2701
12 6 2699
12 7 2699
12 8 2700
12 9 2703
12 10 2708
12 11 2703
12 12 2706
12 13 2701
12 14 2702
12 15 2703
12 16 2700
12 17 2700
12 18 2701
12 19 2699
12 20 2702
13 0 2689
13 1 2699
13 2 2701
13 3 2698
13 4 2709
13 5 2700
13 6 2701
13 7 2700
13 8 2702
13 9 2703
13 10 2705
13 11 2702
13 12 2704
13 13 2701
13 14 2705
13 15 2706
13 16 2698
13 17 2703
13 18 2694
13 19 2699
13 20 2700
14 0 2692
14 1 2697
14 2 2702
14 3 2699
14 4 2709
14 5 2699
14 6 2706
14 7 2699
14 8 2703
14 9 2703
14 10 2702
14 11 2701
14 12 2711
14 13 2703
14 14 2701
14 15 2706
14 16 2699
14 17 2703
14 18 2698
14 19 2701
14 20 2697
15 0 2694
15 1 2698
15 2 2701
15 3 2696
15 4 2706
15 5 2700
15 6 2706
15 7 2697
15 8 2706
15 9 2703
15 10 2702
15 11 2702
15 12 2710
15 13 2701
15 14 2701
15 15 2702
15 16 2699
15 17 2702
15 18 2695
15 19 2704
15 20 2695
16 0 2692
16 1 2698
16 2 2698
16 3 2702
16 4 2703
16 5 2700
16 6 2709
16 7 2693
16 8 2702
16 9 2701
16 10 2706
16 11 2701
16 12 2707
16 13 2700
16 14 2695
16 15 2704
16 16 2696
16 17 2702
16 18 2695
16 19 2704
16 20 2694
17 0 2693
17 1 2698
17 2 2699
17 3 2704
17 4 2702
17 5 2699
17 6 2705
17 7 2696
17 8 2695
17 9 2700
17 10 2703
17 11 2700
17 12 2708
17 13 2701
17 14 2697
17 15 2706
17 16 2698
17 17 2703
17 18 2690
17 19 2704
17 20 2690
18 0 2690
18 1 2697
18 2 2695
18 3 2701
18 4 2700
18 5 2699
18 6 2704
18 7 2690
18 8 2697
18 9 2699
18 10 2703
18 11 2701
18 12 2707
18 13 2700
18 14 2698
18 15 2704
18 16 2698
18 17 2701
18 18 2680
18 19 2700
18 20 2692
19 0 2685
19 1 2695
19 2 2693
19 3 2698
19 4 2705
19 5 2694
19 6 2700
19 7 2691
19 8 2694
19 9 2701
19 10 2702
19 11 2703
19 12 2704
19 13 2696
19 14 2696
19 15 2700
19 16 2699
19 17 2698
19 18 2683
19 19 2703
19 20 2694
20 0 2686
20 1 2696
20 2 2692
20 3 2698
20 4 2704
20 5 2695
20 6 2702
20 7 2691
20 8 2696
20 9 2699
20 10 2704
20 11 2700
20 12 2704
20 13 2695
20 14 2698
20 15 2700
20 16 2699
20 17 2698
20 18 2686
20 19 2706
20 20 2695
angle: 9 Angle Start -2.1 angle End -1.3 AngleStep 0.04
shift: 4 Shift Start 0.32 Shift End 0.36  Shift Step 0.002
Running Program part 3, code:0


Read Buffer part 1, code:0
0 0 2766
0 1 2755
0 2 2730
0 3 2724
0 4 2756
0 5 2774
0 6 2796
0 7 2806
0 8 2814
0 9 2824
0 10 2841
0 11 2849
0 12 2862
0 13 2870
0 14 2879
0 15 2897
0 16 2902
0 17 2920
0 18 2935
0 19 2947
0 20 2949
1 0 2765
1 1 2753
1 2 2731
1 3 2724
1 4 2754
1 5 2775
1 6 2800
1 7 2807
1 8 2814
1 9 2824
1 10 2839
1 11 2850
1 12 2862
1 13 2872
1 14 2880
1 15 2896
1 16 2904
1 17 2924
1 18 2937
1 19 2951
1 20 2946
2 0 2767
2 1 2754
2 2 2730
2 3 2724
2 4 2755
2 5 2774
2 6 2801
2 7 2812
2 8 2820
2 9 2825
2 10 2840
2 11 2854
2 12 2863
2 13 2876
2 14 2879
2 15 2896
2 16 2903
2 17 2924
2 18 2937
2 19 2950
2 20 2949
3 0 2768
3 1 2754
3 2 2730
3 3 2724
3 4 2756
3 5 2776
3 6 2801
3 7 2809
3 8 2821
3 9 2825
3 10 2839
3 11 2854
3 12 2866
3 13 2872
3 14 2879
3 15 2893
3 16 2904
3 17 2925
3 18 2938
3 19 2948
3 20 2953
4 0 2771
4 1 2755
4 2 2730
4 3 2722
4 4 2754
4 5 2775
4 6 2802
4 7 2806
4 8 2821
4 9 2821
4 10 2843
4 11 2851
4 12 2864
4 13 2868
4 14 2881
4 15 2891
4 16 2906
4 17 2924
4 18 2940
4 19 2948
4 20 2952
5 0 2772
5 1 2755
5 2 2729
5 3 2724
5 4 2753
5 5 2774
5 6 2801
5 7 2807
5 8 2822
5 9 2821
5 10 2844
5 11 2851
5 12 2864
5 13 2868
5 14 2882
5 15 2890
5 16 2911
5 17 2925
5 18 2939
5 19 2947
5 20 2953
6 0 2775
6 1 2756
6 2 2729
6 3 2722
6 4 2753
6 5 2774
6 6 2801
6 7 2804
6 8 2823
6 9 2819
6 10 2845
6 11 2851
6 12 2861
6 13 2866
6 14 2883
6 15 2891
6 16 2909
6 17 2927
6 18 2939
6 19 2947
6 20 2953
7 0 2776
7 1 2757
7 2 2730
7 3 2718
7 4 2752
7 5 2774
7 6 2801
7 7 2804
7 8 2822
7 9 2822
7 10 2844
7 11 2852
7 12 2864
7 13 2867
7 14 2887
7 15 2889
7 16 2913
7 17 2927
7 18 2942
7 19 2946
7 20 2954
8 0 2774
8 1 2756
8 2 2729
8 3 2719
8 4 2752
8 5 2777
8 6 2801
8 7 2804
8 8 2819
8 9 2823
8 10 2847
8 11 2855
8 12 2868
8 13 2869
8 14 2885
8 15 2890
8 16 2913
8 17 2928
8 18 2943
8 19 2950
8 20 2950
9 0 2774
9 1 2754
9 2 2730
9 3 2721
9 4 2756
9 5 2777
9 6 2797
9 7 2809
9 8 2818
9 9 2823
9 10 2847
9 11 2854
9 12 2868
9 13 2872
9 14 2884
9 15 2890
9 16 2912
9 17 2926
9 18 2947
9 19 2950
9 20 2952
10 0 2772
10 1 2753
10 2 2727
10 3 2725
10 4 2757
10 5 2778
10 6 2798
10 7 2809
10 8 2820
10 9 2824
10 10 2851
10 11 2854
10 12 2868
10 13 2872
10 14 2886
10 15 2894
10 16 2912
10 17 2929
10 18 2948
10 19 2949
10 20 2952
11 0 2770
11 1 2752
11 2 2727
11 3 2723
11 4 2757
11 5 2780
11 6 2799
11 7 2810
11 8 2821
11 9 2825
11 10 2849
11 11 2856
11 12 2867
11 13 2872
11 14 2885
11 15 2901
11 16 2912
11 17 2929
11 18 2948
11 19 2951
11 20 2955
12 0 2769
12 1 2751
12 2 2727
12 3 2725
12 4 2760
12 5 2781
12 6 2797
12 7 2813
12 8 2825
12 9 2827
12 10 2850
12 11 2855
12 12 2867
12 13 2874
12 14 2882
12 15 2902
12 16 2915
12 17 2933
12 18 2948
12 19 2952
12 20 2954
13 0 2770
13 1 2755
13 2 2731
13 3 2726
13 4 2758
13 5 2782
13 6 2799
13 7 2815
13 8 2825
13 9 2830
13 10 2850
13 11 2854
13 12 2865
13 13 2873
13 14 2885
13 15 2903
13 16 2914
13 17 2932
13 18 2945
13 19 2950
13 20 2952
14 0 2772
14 1 2753
14 2 2730
14 3 2728
14 4 2759
14 5 2781
14 6 2801
14 7 2815
14 8 2827
14 9 2833
14 10 2847
14 11 2855
14 12 2869
14 13 2876
14 14 2884
14 15 2903
14 16 2913
14 17 2931
14 18 2942
14 19 2950
14 20 2952
15 0 2771
15 1 2755
15 2 2732
15 3 2728
15 4 2757
15 5 2784
15 6 2802
15 7 2813
15 8 2830
15 9 2835
15 10 2847
15 11 2856
15 12 2871
15 13 2873
15 14 2884
15 15 2901
15 16 2915
15 17 2929
15 18 2941
15 19 2953
15 20 2950
16 0 2773
16 1 2758
16 2 2733
16 3 2735
16 4 2758
16 5 2781
16 6 2802
16 7 2811
16 8 2829
16 9 2836
16 10 2849
16 11 2856
16 12 2869
16 13 2873
16 14 2884
16 15 2905
16 16 2910
16 17 2928
16 18 2942
16 19 2954
16 20 2953
17 0 2774
17 1 2761
17 2 2731
17 3 2737
17 4 2757
17 5 2782
17 6 2801
17 7 2811
17 8 2825
17 9 2838
17 10 2850
17 11 2855
17 12 2868
17 13 2873
17 14 2887
17 15 2906
17 16 2914
17 17 2929
17 18 2941
17 19 2955
17 20 2953
18 0 2771
18 1 2759
18 2 2731
18 3 2738
18 4 2756
18 5 2784
18 6 2802
18 7 2810
18 8 2824
18 9 2839
18 10 2849
18 11 2856
18 12 2867
18 13 2873
18 14 2887
18 15 2905
18 16 2915
18 17 2929
18 18 2938
18 19 2952
18 20 2956
19 0 2770
19 1 2758
19 2 2733
19 3 2741
19 4 2759
19 5 2784
19 6 2802
19 7 2811
19 8 2825
19 9 2839
19 10 2851
19 11 2858
19 12 2866
19 13 2870
19 14 2887
19 15 2907
19 16 2915
19 17 2927
19 18 2940
19 19 2956
19 20 2959
20 0 2770
20 1 2759
20 2 2733
20 3 2741
20 4 2760
20 5 2782
20 6 2804
20 7 2812
20 8 2827
20 9 2839
20 10 2853
20 11 2858
20 12 2868
20 13 2871
20 14 2886
20 15 2905
20 16 2915
20 17 2927
20 18 2940
20 19 2957
20 20 2963
angle: 20 Angle Start -1.38 angle End -1.3 AngleStep 0.008
shift: 20 Shift Start 0.356 Shift End 0.36  Shift Step 0.0004
Running Program part 3, code:0


Change Buffer
Read Buffer part 1, code:0
0 0 2700
0 1 2703
0 2 2703
0 3 2703
0 4 2703
0 5 2703
0 6 2702
0 7 2704
0 8 2706
0 9 2703
0 10 2704
1 0 2699
1 1 2703
1 2 2703
1 3 2703
1 4 2702
1 5 2703
1 6 2702
1 7 2704
1 8 2707
1 9 2703
1 10 2704
2 0 2699
2 1 2703
2 2 2703
2 3 2703
2 4 2701
2 5 2703
2 6 2702
2 7 2704
2 8 2707
2 9 2703
2 10 2704
3 0 2699
3 1 2702
3 2 2703
3 3 2703
3 4 2701
3 5 2703
3 6 2703
3 7 2703
3 8 2707
3 9 2703
3 10 2704
4 0 2701
4 1 2701
4 2 2703
4 3 2703
4 4 2701
4 5 2703
4 6 2704
4 7 2703
4 8 2706
4 9 2703
4 10 2704
5 0 2701
5 1 2701
5 2 2704
5 3 2703
5 4 2701
5 5 2703
5 6 2704
5 7 2703
5 8 2706
5 9 2703
5 10 2704
6 0 2701
6 1 2700
6 2 2704
6 3 2703
6 4 2701
6 5 2703
6 6 2704
6 7 2703
6 8 2706
6 9 2704
6 10 2703
7 0 2698
7 1 2702
7 2 2704
7 3 2703
7 4 2701
7 5 2703
7 6 2704
7 7 2703
7 8 2707
7 9 2705
7 10 2703
8 0 2698
8 1 2701
8 2 2704
8 3 2704
8 4 2702
8 5 2702
8 6 2704
8 7 2703
8 8 2707
8 9 2704
8 10 2703
9 0 2698
9 1 2700
9 2 2704
9 3 2704
9 4 2702
9 5 2702
9 6 2704
9 7 2704
9 8 2706
9 9 2705
9 10 2703
10 0 2698
10 1 2700
10 2 2704
10 3 2704
10 4 2702
10 5 2702
10 6 2704
10 7 2703
10 8 2706
10 9 2705
10 10 2703

angle: 1 Angle Start -1.38 angle End -1.356 AngleStep 0.0016
shift: 8 Shift Start 0.3584 Shift End 0.3596  Shift Step 8e-05
Running Program part 3, code:0
